 <pre>

 Contingency table for Cloud cover (octas)
 Selection: ALL    618 stations
Period: 20211118-20211231
Used {00,03,...,21} + 03 06 09 12 15 18 21 24
 Limits   0.50000000000000000        1.5000000000000000        2.5000000000000000        3.5000000000000000        4.5000000000000000        5.5000000000000000        6.5000000000000000        7.5000000000000000     
 Each class is data <= limit, the very last > last limit
 Total number of values      543857
                                                       OBSERVATION
                                  39111     4806     3216     2354     1491     1717     1962     4148     9694 |     68499
                                   5859     1297     1142      901      600      848     1017     2475     5730 |     19869
                                   3189      784      705      640      412      623      752     1844     4243 |     13192
                                   2406      654      567      564      352      532      685     1613     3723 |     11096
                          w460     2102      535      513      521      361      543      700     1607     3795 |     10677
                                   2074      566      556      536      372      552      816     1866     4175 |     11513
                                   2257      622      646      616      430      659     1011     2223     5695 |     14159
                                   3170      991      975      933      706     1156     1702     4049    10614 |     24296
                                  13234     4340     3990     4602     3815     7272    11508    55943   265852 |    370556

                    SUM           73402    14595    12310    11667     8539    13902    20153    75768   313521 |    543857
                                                       OBSERVATION
                                  38840     4794     3182     2319     1497     1739     1947     4021     9450 |     67789
                                   5997     1257     1165      884      587      849     1006     2433     5734 |     19912
                                   3180      791      677      654      411      605      747     1894     4279 |     13238
                                   2444      596      561      507      346      550      715     1680     3722 |     11121
                          w462     2049      562      562      512      341      514      693     1608     3793 |     10634
                                   2057      560      543      554      383      549      848     1841     4179 |     11514
                                   2331      647      593      603      443      670      992     2303     5694 |     14276
                                   3248      991      969      964      695     1136     1705     4026    10444 |     24178
                                  13256     4397     4058     4670     3836     7290    11500    55962   266226 |    371195

                    SUM           73402    14595    12310    11667     8539    13902    20153    75768   313521 |    543857

