 <pre>

 Contingency table for Rh2m (%)
 Selection: ALL   1054 stations
Period: 20211118-20211231
Used {00,03,...,21} + 00 03 ... 24
 Limits    30.000000000000000        50.000000000000000        65.000000000000000        75.000000000000000        85.000000000000000        95.000000000000000        100.00000000000000     
 Each class is data <= limit, the very last > last limit
 Total number of values     1350436
                                              OBSERVATION
                                     20       18       12       19       17        0        0        0 |        86
                                     90     2328     3446     1552     1343      670       48        0 |      9477
                                     49     3789    29917    24057    20263     9637      836        0 |     88548
                          w460       10      718    15044    50848    71258    42628     3097        0 |    183603
                                      1      190     4322    31465   142414   163633    15900        0 |    357925
                                      0       51      853     6237    63619   307126    99183        0 |    477069
                                      0        0       79      390     3825    60161   166871        0 |    231326
                                      0        0        0        2        4      265     2131        0 |      2402

                    SUM             170     7094    53673   114570   302743   584120   288066        0 |   1350436
                                              OBSERVATION
                                     17       23        9       11        5        0        0        0 |        65
                                     95     2298     3391     1526     1285      647       38        0 |      9280
                                     47     3804    29823    23873    19757     9464      818        0 |     87586
                          w462       10      716    15243    50916    71252    42358     3094        0 |    183589
                                      1      202     4304    31583   142731   163315    15942        0 |    358078
                                      0       50      843     6294    63847   307749    99125        0 |    477908
                                      0        1       60      365     3862    60320   166931        0 |    231539
                                      0        0        0        2        4      267     2118        0 |      2391

                    SUM             170     7094    53673   114570   302743   584120   288066        0 |   1350436

