 <pre>

 Contingency table for Visibility (m)
 Selection: ALL    720 stations
Period: 20211118-20211231
Used {00,03,...,21} + 00 03 ... 24
 Limits    1000.0000000000000        5000.0000000000000        10000.000000000000        20000.000000000000     
 Each class is data <= limit, the very last > last limit
 Total number of values      881614
                                     OBSERVATION
                                   9431    14110     4902     2813     1777 |     33033
                                  10811    64616    35664    31621    24614 |    167326
                          w460     2531    23081    26365    32796    39061 |    123834
                                    961     9506    16171    28594    60592 |    115824
                                   6918    41304    63784   105490   224101 |    441597

                    SUM           30652   152617   146886   201314   350145 |    881614
                                     OBSERVATION
                                   9545    14129     4886     2792     1723 |     33075
                                  10796    64701    35825    31815    24860 |    167997
                          w462     2558    23302    26664    33093    39175 |    124792
                                    935     9606    16461    28686    60535 |    116223
                                   6818    40879    63050   104928   223852 |    439527

                    SUM           30652   152617   146886   201314   350145 |    881614

